1210125
1220652
1210364
1240128
1250285
1230315
1210634
1220026
1230305
1200722
1230554
1190365
1230163
1250523
1220606
1210632
1170575
1200063
1200593
1200597
1200604
1240038
1220003
1210583
1250117
1190669
1240101
1190413
1180683
1250618
1220581
1230304
1190742
1230694
1180758
1200638
1230246
1200738
1180681
1240491
1250602
1250393
1220443
1190744
1170509
1160047
1250401
1250400
1210138
1220887
1181128
1250503
1190324
1220176
1200573
1240418
1220486
1200668
1160665
1200414
1210343
1210011
1250448
1240537
1240466
1220261
1240050
1220609
1210378
1190598
1210358
1180100
1170025
1140669
1190051
1250502
1210300
1210471
1220199
1180437
1180923
1190340
1230279
1190627
1230647
1230555
1240180
1220220
1230471
1220637
1210658
1100710
1250604
1180378
1200426
1200202
1200697
1250166
1230562
1250201
1190624
1180687
1230484
1170797
1170187
1180411
1250355
1210379
1220785
1250361
1230174
1160376
1070052
1240512
1250145
1250652
1240561
1220414
1240465
1220654
1060218
1230787
1230245
1220253
1140331
1240701
1220879
1170908
1230792
1180148
1200639
1230621
1120045
1230734
1210363
1230281
1180692
1240210
1220755
1180589
1250468
1220837
1180621
1250068
1240507
1140072
1240274
1181025
1190794
1180874
1250558
1240700
1240167
1180606
1250617
1230815
1240321
1240290
1240703
1250444
1250487
1240660
1250249
1190749
1230030
1180597
1210023
1150039
1240505
1250369
1240320
1240186
1250383
1250385
1240490
1250483
1160071
1220465
1250326
1240178
1190710
1180628
1180578
1250370
1240052
1240318
1210553
1190083
1250472
1240336
1250384
1250467
1250578
1220116
1250454
1140020
1250519
1190082
1250586
1181017
1240377
1160842
1240216
1180575
1190793
1220080
1240499
1250471
1190798
1140699
1180647
1230702
1250200
1140071
1250389
1240452
1240716
1190053
1240536
1250499
1240287
1240286
1240449
1240473
1240475
1150038
1250613
1250342
1240551
1230846
1150021
1240448
1250423
1240435
1160808
1240288
1250569
1180869
1240406
1250505
1250381
1220749
1250351
1220469
1240535
1200372
1220718
1200193
1210161
1220864
1160023
1220492
1230363
1200372
1080392
1230405
1240353
1220653
1210367
1250155
1230546
1240170
1180412
1230481
1250469
1190613
1240086
1210069
1210380
1230735
1230184
1210298
1240366
1230548
1250148
1220371
1170490
1190807
1220018
1250235
1220312
1170307
1240572
1240404
1220152
1200438
1220018
1250417
1190457
1230103
1220618
1210572
1210475
1230135
1240085
1240339
1210083
1250447
1220575
1210020
1190613
1240201
1240087
1220497
1220891
1220628
1250466
1240564
1190665
1180713
1250264
1230243
1240354
1200331
1180732
1250121
1230426
1230599
1190639
1130834
1220185
1250515
1250122
1230566
1250030
1220629
1240355
1200374
1220479
1240084
1180268
1250134
1240493
1240082
1170700
1160630
1230762
1220336
1220185
1230738
1230742
1230252
1190661
1100020
1240014
1250475
1250632
1190579
1240323
1170415
1250410
1220209
1220795
1150379
1180146
1160658
1240079
1220596
1230251
1200518
1250131
1230757
1240438
1250263
1240154
1230612
1180594
1220249
1240324
1200385
1220311
1240078
1180147
1210112
1180624
1220595
1160344
1160662
1220507
1250411
1220433
1250104
1220334
1240430
1240650
1230134
1250563
1180623
1210100
1210276
1210458
1210606
1220151
1210293
1210163
1200151
1180887
1250568
1190355
1170672
1250396
1230590
1230480
1160150
1170763
1180922
1210339
1190036
1240474
1250526
1220432
1170709
1210194
1220562
1250120
1240502
1220449
1180541
1160729
1250139
1110713
1240472
1250072
1250064
1250269
1250144
1250049
1210442
1250020
1230674
1230106
1230375
1200200
1220782
1240342
1180714
1210086
1200182
1170523
1220530
1180651
1230364
1200038
1180736
1230429
1240157
1230796
1210394
1200643
1210489
1230155
1210297
1230301
1250125
1230226
1220598
1230476
