1220142
1230640
1200526
1240542
1170864
1220666
1180731
1250553
1210454
1220439
1220326
1220660
1230695
1240373
1220545
1240213
1240095
1230198
1220823
1240096
1240150
1200399
1220076
1230648
1240657
1240531
1220495
1200447
1210056
1220198
1220757
1240329
1220282
1220649
1170185
1240460
1220264
1240486
1210651
1220439
1220853
1220123
1220649
1230143
1240159
1240374
1220616
1210056
1230169
1180634
1220198
1250571
1190208
1220475
1220763
1190384
1181129
1220494
1210101
1120691
1200524
1150604
1250277
1230292
1250627
1150625
1250272
1180001
1220578
1150250
1250567
1220349
1240098
1180646
1220577
1240281
1210603
1220208
1240376
1250516
1250582
1210218
1230077
1220485
1240510
1190738
1240076
1240165
1250463
1220440
1230682
1190631
1240330
1240441
1230366
1240453
1190040
1230607
1220301
1230741
1230170
1210290
1220493
1230351
1250275
1220738
1150253
1120723
1240347
1220619
1240349
1220168
1250530
1190578
1230550
1250583
1210554
1220874
1180837
1240461
1240344
1200419
1180568
1250083
1180741
1230171
1160423
1230260
1240097
1240488
1200423
1100030
1240440
1250528
780120
1230576
1250097
1240237
1230162
1230627
1250001
1210260
1220528
1210441
1220034
1190717
1230658
1210205
1240555
1220477
1250229
1190292
1240387
1230407
1220478
1220571
1250429
1230412
1240416
1240393
1220536
1240392
1240293
1220823
1240519
1230408
1240424
1220850
1250420
1230410
1250427
1230409
1250421
1240483
1250258
1250278
1240414
1250424
1230241
1230754
1180708
1250137
1250476
1250430
1230242
1100009
1230395
1220154
1250085
1250124
1230678
1200515
1200319
1190327
1170303
1240408
1210158
1220218
1200578
1180601
1250478
1250187
1220346
1240063
1220013
1220484
1220644
1220411
1210325
1210076
1220685
1240127
1181149
1180841
1200295
1190861
1220555
1230557
1180559
1190574
1250244
1180613
1250146
1230207
1230130
1180579
1190369
1240361
1230633
1160212
1190311
1220331
1240142
1220893
1230213
1160782
1240140
1240304
1250486
1220547
1160267
1190408
1180689
1200236
1200336
1100720
1200412
1190124
1190010
1200301
1190761
1220429
1250203
1250588
1250296
1220483
1220727
1250239
1220115
1250240
1240148
1250436
1230156
1250179
1240514
1250337
1210659
1230288
1220883
1220622
1180719
1240360
1240132
1240235
1210285
1220526
1220721
1210340
1230147
1200287
1220589
1230255
1240401
1230639
1190395
1210010
1250535
1200294
1190530
1050807
1170189
1190668
1200299
1190466
1200297
1200300
1200370
1100756
1190382
1190418
1160609
1190237
1170177
1160297
1160953
1180461
1170820
1230267
1220582
1230317
1190622
1240138
1240296
1240055
1190393
1200337
1200508
1160805
1170750
1200367
1180750
1170184
1200296
1180407
1190330
1190406
1160243
1190073
1190438
1160599
1170012
1180745
1210305
1220463
1220783
1210307
1210216
1190643
1200625
1230558
1250477
1200329
1190398
1230284
1240131
1230593
1220173
1250641
1240177
1130466
1230150
1230295
1250542
1210156
1200486
1210446
1220183
1250642
1250341
1210485
1190521
1240671
1230115
1250212
1190562
1230123
1200310
1150170
1200340
1240478
1210356
1190077
1180726
1180632
1220410
1190404
1220341
1210333
1210396
1220877
1200035
1220535
1210562
1250060
1230492
1250242
1240381
1230208
1230400
1210227
1250287
1220421
1220621
1210318
1250205
1220543
1240134
1210065
1210560
1220428
1240410
1200413
1220287
1230311
1220291
1210220
1250458
1200661
1220134
1240399
1240163
1170678
1200500
1210214
1250243
1210620
1230318
1230209
1190618
1190417
1250180
1150277
1210428
1090595
1190470
1220263
1220172
1240176
1190490
1240543
1250340
1210085
1240184
1230724
1240202
1250354
1240211
1220384
1180733
1200317
1150616
1220564
1250215
1250546
1220085
1230259
1210150
1220415
1220063
1210424
1120769
1220554
1210401
1180680
1180657
1050725
1230227
