1240119
1250107
1240570
1180567
1210565
1180140
1180605
1250575
1250644
1240574
1240527
1220792
1180611
1250512
1210124
1250070
1180712
1180536
1180816
1200656
1170647
1190797
1250102
1250011
1220084
1210372
1250442
1230078
1250573
1250565
1220808
1240417
1250017
1250412
1230664
1230358
1250455
1050644
1240633
1250658
1250657
1250047
1240720
1250664
1250529
1240151
1250665
1250504
1240699
1250426
1240602
1210082
1250236
1250241
1250422
1250254
1230102
1250250
1250547
1220745
1250608
1240233
1250237
1250246
1250445
1230435
1190514
1170557
1250223
1250253
1250225
1240650
1250312
1230225
1250167
1250084
1240565
1240533
1250103
1230087
1250432
1070724
1250279
1250280
1230098
1170531
1220503
1240267
1230369
1240295
1210373
1180658
1240073
1230748
1190621
1250325
1250281
1230475
1230177
1230785
1220212
1220394
1240193
1210463
1230368
1250358
1190559
1240266
1210089
1170176
1220459
1240517
1160429
1220299
1250174
1220430
1220796
1250109
1240265
1210407
1220065
1230510
1210289
1180678
1230240
1210336
1230264
1250359
1250638
1220726
1210338
1250140
1170204
1250108
1230095
1210148
1220600
1200530
1190630
1230153
1220867
1220482
1250397
1250175
1170938
1220546
1240104
1230671
1240571
1230238
1250464
1200410
1180421
1210267
1240294
1160333
1240367
1220542
1220541
1230524
1220552
1220169
1210224
1190619
1210270
1250251
1210353
1240331
1240074
1190080
1190483
1210209
1230784
1250460
1250348
1200361
1190432
1200411
1250580
1220679
1200550
1240425
1240327
1190887
1210515
1220903
1240412
1230708
1230372
1230394
1240325
1240504
1200574
1220611
1230217
1250589
1180705
1240219
1150462
1210377
1240166
1250347
1190875
1220640
1220470
1220556
1190412
1200425
1190429
1181148
1200497
1190845
1220519
1230705
1220378
1230352
1190704
1220509
1220515
1190348
1200376
1170040
1200309
1210495
1230509
1190370
1220558
1240338
1170879
1210074
1210107
1110183
1190453
1210399
1160794
1250345
1230331
1230234
1220791
1210321
1200489
1180851
1190509
1200222
1180099
1200332
1200246
1180269
1200358
1200243
1220213
1230823
1230333
1210202
1190846
1180751
1220623
1230539
1200496
1240297
1240503
1230594
1240155
1230374
1250185
1220235
1190448
1230523
1210426
1240403
1240196
1220381
1250392
1230216
1230233
1200575
1150612
1200244
1070111
1190522
1230822
1250356
1230152
1250514
1230119
1180482
1220639
1210292
1210182
1250459
1230655
1180444
1220557
1220388
1200306
1180166
1200360
1200119
1210304
1220559
1230323
1220506
1190857
1200241
1230482
1190532
1210273
1250372
1240395
1250164
1230228
1230367
1250199
1210371
1230387
1250639
1150701
1240239
1210291
1190120
1061026
1190847
1250380
1180845
1230542
1240292
1180679
1100061
1180815
1230151
1250495
1240197
1230309
1240192
1240396
1250088
1230819
1230204
1200421
1230602
1230650
1240362
1230662
1180552
1220226
1250143
1240363
1240089
1200031
1230709
1240282
1210299
1230261
1250394
1220645
1180511
1170512
1220270
1200223
1240069
1250142
1210602
1240200
1250474
1230187
1220232
1230402
1250408
1230533
1210149
1240156
1190589
1240234
1200233
1250484
1250630
1220520
1200199
1250041
1240181
1180831
1230652
1190118
1190686
1220670
1210388
1250507
1250048
1250629
1160590
1240721
1200736
1210132
1210084
1210408
1180272
1220250
1190306
1240023
1180861
1240109
1210330
1220703
1240182
1240198
1230397
1240187
1230278
1220444
1220789
1210591
1210302
1230298
1250119
1230817
1230211
1250559
1220170
1220813
1240498
1210268
1220070
1160936
1250209
1240647
1220127
1190892
1240160
1210566
1250500
1230490
1220171
1220563
1240229
1240495
1230205
1250156
1230313
1220177
1200387
1250566
1230197
1230353
1220875
1240715
1180667
1220549
1240463
1220044
1160757
1190215
1170247
1220057
1220742
1240183
1240194
1230613
1220702
1100054
1180078
1240333
1212029
1250044
