1220142
1230640
1200526
1240542
1170864
1220666
1180731
1250553
1210454
1220439
1220326
1220660
1230695
1240373
1220545
1240213
1240095
1230198
1220823
1240096
1240150
1200399
1220076
1230648
1240657
1240531
1220495
1200447
1210056
1220198
1220757
1240329
1220282
1220649
1170185
1240460
1220264
1240486
1210651
1220439
1220853
1220123
1220649
1230143
1240159
1240374
1220616
1210056
1230169
1180634
1220198
1250571
1190208
1220475
1220763
1190384
1181129
1220494
1210101
1120691
1200524
1150604
1250277
1230292
1250627
1150625
1250272
1180001
1220578
1150250
1250567
1220349
1240098
1180646
1220577
1240281
1210603
1220208
1240376
1250516
1250582
1210218
1230077
1220485
1240510
1190738
1240076
1240165
1250463
1220440
1230682
1190631
1240330
1240441
1230366
1240453
1190040
1230607
1220301
1230741
1230170
1210290
1220493
1230351
1250275
1220738
1150253
1120723
1240347
1220619
1240349
1220168
1250530
1190578
1230550
1250583
1210554
1220874
1180837
1240461
1240344
1200419
1180568
1250083
1180741
1230171
1160423
1230260
1240097
1240488
1200423
1100030
1240440
1250528
780120
1230576
1250097
1240237
1230162
1230627
1250001
1210260
1220528
1210441
1220034
1190717
1230658
1210205
1240555
1220477
1250229
1190292
1240387
1230407
1220478
1220571
1250429
1230412
1240416
1240393
1220536
1240392
1240293
1220823
1240519
1230408
1240424
1220850
1250420
1230410
1250427
1230409
1250421
1240483
1250258
1250278
1240414
1250424
1230241
1230754
1180708
1250137
1250476
1250430
1230242
1100009
1230395
1220154
1250085
1250124
1230678
1200515
1200319
1190327
1170303
1240408
1210158
1220218
1200578
1180601
1250478
1250187
1220346
1240063
1220013
1220484
1220644
1220411
1210325
1210076
1220685
1240127
1181149
1180841
1200295
1190861
1220555
1230557
1180559
1190574
1250244
1180613
1250146
1230207
1230130
1180579
1190369
1240361
1230633
1160212
1190311
1220331
1240142
1220893
1230213
1160782
1240140
1240304
1250486
1220547
1160267
1190408
1180689
1200236
1200336
1100720
1200412
1190124
1190010
1200301
1190761
1220429
1250203
1250588
1250296
1220483
1220727
1250239
1220115
1250240
1240148
1250436
1230156
1250179
1240514
1250337
1210659
1230288
1220883
1220622
1180719
1240360
1240132
1240235
1210285
1220526
1220721
1210340
1230147
1200287
1220589
1230255
1240401
1230639
1190395
1210010
1250535
1200294
1190530
1050807
1170189
1190668
1200299
1190466
1200297
1200300
1200370
1100756
1190382
1190418
1160609
1190237
1170177
1160297
1160953
1180461
1170820
1230267
1220582
1230317
1190622
1240138
1240296
1240055
1190393
1200337
1200508
1160805
1170750
1200367
1180750
1170184
1200296
1180407
1190330
1190406
1160243
1190073
1190438
1160599
1170012
1180745
1210305
1220463
1220783
1210307
1210216
1190643
1200625
1230558
1250477
1200329
1190398
1230284
1240131
1230593
1220173
1250641
1240177
1130466
1230150
1230295
1250542
1210156
1200486
1210446
1220183
1250642
1250341
1210485
1190521
1240671
1230115
1250212
1190562
1230123
1200310
1150170
1200340
1240478
1210356
1190077
1180726
1180632
1220410
1190404
1220341
1210333
1210396
1220877
1200035
1220535
1210562
1250060
1230492
1250242
1240381
1230208
1230400
1210227
1250287
1220421
1220621
1210318
1250205
1220543
1240134
1210065
1210560
1220428
1240410
1200413
1220287
1230311
1220291
1210220
1250458
1200661
1220134
1240399
1240163
1170678
1200500
1210214
1250243
1210620
1230318
1230209
1190618
1190417
1250180
1150277
1210428
1090595
1190470
1220263
1220172
1240176
1190490
1240543
1250340
1210085
1240184
1230724
1240202
1250354
1240211
1220384
1180733
1200317
1150616
1220564
1250215
1250546
1220085
1230259
1210150
1220415
1220063
1210424
1120769
1220554
1210401
1180680
1180657
1050725
1230227
1240467
1180565
1220699
1250491
1160246
1200293
1170748
1190488
1200448
1150229
1180653
1190425
1160441
1180404
1160378
1170546
1050597
1180399
1170729
1240045
1170438
1230316
1240383
1240322
1200237
1200454
1070358
1200239
1121058
1190670
1110674
1190007
1190602
1190450
1190431
1190487
1190403
1160746
1150704
1180449
1160299
1160365
1170223
1220019
1230201
1230210
1240149
1230595
1230739
1240130
1210075
1240364
1250191
1210130
1230248
1210095
1220041
1080430
1220633
1230149
1190171
1200543
1250186
1130399
1240477
1240409
1060976
1160255
1200702
1250306
1240137
1200676
1240597
1230669
1230093
1120804
1180031
1250457
1230487
1230693
1230663
1240593
1210097
1220211
1250406
1180873
1230308
1180703
1240702
1220646
1210432
1220324
1230486
1250295
1210342
1190203
1230112
1220237
1180592
1250336
1250612
1250190
1250294
1220254
1230642
1230202
1230494
1220135
1220228
1180989
1240380
1200439
1220200
1220217
1200659
1140400
1210286
1210157
1230624
1110636
1250441
1210404
1230775
1250157
1250214
1180570
1200228
1220386
1170685
1240147
1181016
1250403
1220308
1170050
1180370
1190031
1190434
1200235
1250189
1220368
1180686
1240454
1190405
1210127
1240162
1220160
1230479
1220268
1230125
1210284
1250562
1210184
1250255
1250335
1240125
1200450
1190422
1200365
1190416
1200201
1200312
1190394
1110008
1190396
1180734
1200364
1180771
1190424
1180376
1170530
1170517
1180401
1190368
1190508
1190397
1170008
1190478
1190554
1190463
1180330
1170201
1140758
1230551
1180685
1230638
1220269
1230219
1210405
1220583
1250405
1210306
1200311
1180836
1240053
1150661
1170568
1190492
1190477
1190479
1190420
1180152
1180725
1160708
1160331
1240450
1240357
1220205
1230120
1230485
1230489
1220467
1240594
1190625
1230188
1180637
1210668
1220252
1200506
1220292
1200318
1250419
1220251
1210096
1240538
1180554
1220139
1220389
1230355
1220201
1210201
1220025
1240398
1180701
1220184
1220533
1220725
1220764
1190713
1230289
1200316
1230334
1220551
1240549
1210094
1230493
1250551
1230254
1210468
1240067
1200507
1210490
1230320
1220147
1180104
1230743
1210386
1220148
1150592
1250297
1250288
1160611
1220567
1250363
1200359
1190503
1140764
1240146
1240006
1210580
1250353
1210225
1210520
1250537
1240135
1160134
1210625
1240188
1210570
1230129
1220202
1230224
1250539
1250536
1240133
1180905
1250074
1230380
1220574
1120134
1180499
1230625
1240528
1220523
1230283
1200459
1220635
1230290
1210561
1230422
1250188
1220182
1230114
1210203
1250456
1220103
1210326
1160696
1200576
1200416
1200302
1170897
1200371
1200008
1200303
1180859
1130381
1210400
1230244
1220396
1230584
1220683
1210346
1230262
1240427
1250382
1110689
1240088
1230600
1240527
1190582
1200407
1190465
1170084
1190185
1190501
1200238
1200313
1200335
1070053
1190475
1200641
1070180
1190173
1180403
1180270
1180341
1160402
1140254
1160412
1210143
1240012
1230166
1210006
1230048
1220521
1170450
1220366
1210324
1220505
1210093
1210519
1230540
1210403
1220207
1200422
1200504
1180765
1230221
1210215
1210383
1240071
1250178
1240144
1150703
1240298
1200405
1220242
1200304
1210200
1230250
1240019
1250611
1220487
1220062
1230635
1180802
1200334
1220319
1110727
1210162
1130100
1240356
1180398
1220643
1230116
1181011
1210466
1210445
1250541
1230231
1240580
1230040
1210430
1160900
1220869
1220387
1220534
1230336
1230691
1210535
1230560
1240205
1240175
1190644
1240113
1250181
1170049
1230322
1160802
1240358
1210357
1230660
1220073
1240209
1200397
1220566
1200347
1250284
1240426
1220840
1220128
1210574
1210500
1220548
1210387
1220189
1250130
1230199
1230570
1240677
1220451
1181032
1200032
1210210
1190751
1220511
1240271
1250147
1250176
1140681
1230763
1210355
1210389
1210109
1180354
1240103
1210370
1210125
1220652
1210364
1240128
1250285
1230315
1210634
1220026
1230305
1200722
1230554
1190365
1230163
1250523
1220606
1210632
1170575
1200063
1200593
1200597
1200604
1240038
1220003
1210583
1250117
1190669
1240101
1190413
1180683
1250618
1220581
1230304
1190742
1230694
1180758
1200638
1230246
1200738
1180681
1240491
1250602
1250393
1220443
1190744
1170509
1160047
1250401
1250400
1210138
1220887
1181128
1250503
1190324
1220176
1200573
1240418
1220486
1200668
1160665
1200414
1210343
1210011
1250448
1240537
1240466
1220261
1240050
1220609
1210378
1190598
1210358
1180100
1170025
1140669
1190051
1250502
1210300
1210471
1220199
1180437
1180923
1190340
1230279
1190627
1230647
1230555
1240180
1220220
1230471
1220637
1210658
1100710
1250604
1180378
1200426
1200202
1200697
1250166
1230562
1250201
1190624
1180687
1230484
1170797
1170187
1180411
1250355
1210379
1220785
1250361
1230174
1160376
1070052
1240512
1250145
1250652
1240561
1220414
1240465
1220654
1060218
1230787
1230245
1220253
1140331
1240701
1220879
1170908
1230792
1180148
1200639
1230621
1120045
1230734
1210363
1230281
1180692
1240210
1220755
1180589
1250468
1220837
1180621
1250068
1240507
1140072
1240274
1181025
1190794
1180874
1250558
1240700
1240167
1180606
1250617
1230815
1240321
1240290
1240703
1250444
1250487
1240660
1250249
1190749
1230030
1180597
1210023
1150039
1240505
1250369
1240320
1240186
1250383
1250385
1240490
1250483
1160071
1220465
1250326
1240178
1190710
1180628
1180578
1250370
1240052
1240318
1210553
1190083
1250472
1240336
1250384
1250467
1250578
1220116
1250454
1140020
1250519
1190082
1250586
1181017
1240377
1160842
1240216
1180575
1190793
1220080
1240499
1250471
1190798
1140699
1180647
1230702
1250200
1140071
1250389
1240452
1240716
1190053
1240536
1250499
1240287
1240286
1240449
1240473
1240475
1150038
1250613
1250342
1240551
1230846
1150021
1240448
1250423
1240435
1160808
1240288
1250569
1180869
1240406
1250505
1250381
1220749
1250351
1220469
1240535
1200372
1220718
1200193
1210161
1220864
1160023
1220492
1230363
1200372
1080392
1230405
1240353
1220653
1210367
1250155
1230546
1240170
1180412
1230481
1250469
1190613
1240086
1210069
1210380
1230735
1230184
1210298
1240366
1230548
1250148
1220371
1170490
1190807
1220018
1250235
1220312
1170307
1240572
1240404
1220152
1200438
1220018
1250417
1190457
1230103
1220618
1210572
1210475
1230135
1240085
1240339
1210083
1250447
1220575
1210020
1190613
1240201
1240087
1220497
1220891
1220628
1250466
1240564
1190665
1180713
1250264
1230243
1240354
1200331
1180732
1250121
1230426
1230599
1190639
1130834
1220185
1250515
1250122
1230566
1250030
1220629
1240355
1200374
1220479
1240084
1180268
1250134
1240493
1240082
1170700
1160630
1230762
1220336
1220185
1230738
1230742
1230252
1190661
1100020
1240014
1250475
1250632
1190579
1240323
1170415
1250410
1220209
1220795
1150379
1180146
1160658
1240079
1220596
1230251
1200518
1250131
1230757
1240438
1250263
1240154
1230612
1180594
1220249
1240324
1200385
1220311
1240078
1180147
1210112
1180624
1220595
1160344
1160662
1220507
1250411
1220433
1250104
1220334
1240430
1240650
1230134
1250563
1180623
1210100
1210276
1210458
1210606
1220151
1210293
1210163
1200151
1180887
1250568
1190355
1170672
1250396
1230590
1230480
1160150
1170763
1180922
1210339
1190036
1240474
1250526
1220432
1170709
1210194
1220562
1250120
1240502
1220449
1180541
1160729
1250139
1110713
1240472
1250072
1250064
1250269
1250144
1250049
1210442
1250020
1230674
1230106
1230375
1200200
1220782
1240342
1180714
1210086
1200182
1170523
1220530
1180651
1230364
1200038
1180736
1230429
1240157
1230796
1210394
1200643
1210489
1230155
1210297
1230301
1250125
1230226
1220598
1230476
1240119
1250107
1240570
1180567
1210565
1180140
1180605
1250575
1250644
1240574
1240527
1220792
1180611
1250512
1250070
1180712
1180536
1180816
1200656
1250442
1230078
1250573
1250565
1220808
1240417
1250017
1250412
1230664
1230358
1250455
1050644
1240633
1250658
1250657
1250047
1240720
1250664
1250529
1240151
1250665
1250504
1240699
1250426
1240602
1210082
1250236
1250241
1250422
1250254
1230102
1250250
1250547
1220745
1250608
1240233
1250237
1250246
1250445
1230435
1190514
1170557
1250223
1250253
1250225
1240650
1250312
1230225
1250167
1250084
1240565
1240533
1250103
1230087
1250432
1070724
1250279
1250280
1230098
1170531
1220503
1240267
1230369
1240295
1210373
1180658
1240073
1230748
1190621
1250325
1250281
1230475
1230177
1230785
1220212
1220394
1240193
1210463
1230368
1250358
1190559
1240266
1210089
1170176
1220459
1240517
1160429
1220299
1250174
1220430
1220796
1250109
1240265
1210407
1220065
1230510
1210289
1180678
1230240
1210336
1230264
1250359
1250638
1220726
1210338
1250140
1170204
1250108
1230095
1210148
1220600
1200530
1190630
1230153
1220867
1220482
1250397
1250175
1170938
1220546
1240104
1230671
1240571
1230238
1250464
1200410
1180421
1210267
1240294
1160333
1240367
1220542
1220541
1230524
1220552
1220169
1210224
1190619
1210270
1250251
1210353
1240331
1240074
1190080
1190483
1210209
1230784
1250460
1250348
1200361
1190432
1200411
1250580
1220679
1200550
1240425
1240327
1190887
1210515
1220903
1240412
1230708
1230372
1230394
1240325
1240504
1200574
1220611
1230217
1250589
1180705
1240219
1150462
1210377
1240166
1250347
1190875
1220640
1220470
1220556
1190412
1200425
1190429
1181148
1200497
1190845
1220519
1230705
1220378
1230352
1190704
1220509
1220515
1190348
1200376
1170040
1200309
1210495
1230509
1190370
1220558
1240338
1170879
1210074
1210107
1110183
1190453
1210399
1160794
1250345
1230331
1230234
1220791
1210321
1200489
1180851
1190509
1200222
1180099
1200332
1200246
1180269
1200358
1200243
1220213
1230823
1230333
1210202
1190846
1180751
1220623
1230539
1200496
1240297
1240503
1230594
1240155
1230374
1250185
1220235
1190448
1230523
1210426
1240403
1240196
1220381
1250392
1230216
1230233
1200575
1150612
1200244
1070111
1190522
1230822
1250356
1230152
1250514
1230119
1180482
1220639
1210292
1210182
1250459
1230655
1180444
1220557
1220388
1200306
1180166
1200360
1200119
1210304
1220559
1230323
1220506
1190857
1200241
1230482
1190532
1210273
1250372
1240395
1250164
1230228
1230367
1250199
1210371
1230387
1250639
1150701
1240239
1210291
1190120
1061026
1190847
1250380
1180845
1230542
1240292
1180679
1100061
1180815
1230151
1250495
1240197
1230309
1240192
1240396
1250088
1230819
1230204
1200421
1230602
1230650
1240362
1230662
1180552
1220226
1250143
1240363
1240089
1200031
1230709
1240282
1210299
1230261
1250394
1220645
1180511
1170512
1220270
1200223
1240069
1250142
1210602
1240200
1250474
1230187
1220232
1230402
1250408
1230533
1210149
1240156
1190589
1240234
1200233
1250484
1250630
1220520
1200199
1250041
1240181
1180831
1230652
1190118
1190686
1220670
1210388
1250507
1250048
1250629
1160590
1240721
1200736
1210132
1210084
1210408
1180272
1220250
1190306
1240023
1180861
1240109
1210330
1220703
1240182
1240198
1230397
1240187
1230278
1220444
1220789
1210591
1210302
1230298
1250119
1230817
1230211
1250559
1220170
1220813
1240498
1210268
1220070
1160936
1250209
1240647
1220127
1190892
1240160
1210566
1250500
1230490
1220171
1220563
1240229
1240495
1230205
1250156
1230313
1220177
1200387
1250566
1230197
1230353
1220875
1240715
1180667
1220549
1240463
1220044
1160757
1190215
1170247
1220057
1220742
1240183
1240194
1230613
1220702
1100054
1180078
1240333
1212029
1250044
