1240467
1180565
1220699
1250491
1160246
1200293
1170748
1190488
1200448
1150229
1180653
1190425
1160441
1180404
1160378
1170546
1050597
1180399
1170729
1240045
1170438
1230316
1240383
1240322
1200237
1200454
1070358
1200239
1121058
1190670
1110674
1190007
1190602
1190450
1190431
1190487
1190403
1160746
1150704
1180449
1160299
1160365
1170223
1220019
1230201
1230210
1240149
1230595
1230739
1240130
1210075
1240364
1250191
1210130
1230248
1210095
1220041
1080430
1220633
1230149
1190171
1200543
1250186
1130399
1240477
1240409
1060976
1160255
1200702
1250306
1240137
1200676
1240597
1230669
1230093
1120804
1180031
1250457
1230487
1230693
1230663
1240593
1210097
1220211
1250406
1180873
1230308
1180703
1240702
1220646
1210432
1220324
1230486
1250295
1210342
1190203
1230112
1220237
1180592
1250336
1250612
1250190
1250294
1220254
1230642
1230202
1230494
1220135
1220228
1180989
1240380
1200439
1220200
1220217
1200659
1140400
1210286
1210157
1230624
1110636
1250441
1210404
1230775
1250157
1250214
1180570
1200228
1220386
1170685
1240147
1181016
1250403
1220308
1170050
1180370
1190031
1190434
1200235
1250189
1220368
1180686
1240454
1190405
1210127
1240162
1220160
1230479
1220268
1230125
1210284
1250562
1210184
1250255
1250335
1240125
1200450
1190422
1200365
1190416
1200201
1200312
1190394
1110008
1190396
1180734
1200364
1180771
1190424
1180376
1170530
1170517
1180401
1190368
1190508
1190397
1170008
1190478
1190554
1190463
1180330
1170201
1140758
1230551
1180685
1230638
1220269
1230219
1210405
1220583
1250405
1210306
1200311
1180836
1240053
1150661
1170568
1190492
1190477
1190479
1190420
1180152
1180725
1160708
1160331
1240450
1240357
1220205
1230120
1230485
1230489
1220467
1240594
1190625
1230188
1180637
1210668
1220252
1200506
1220292
1200318
1250419
1220251
1210096
1240538
1180554
1220139
1220389
1230355
1220201
1210201
1220025
1240398
1180701
1220184
1220533
1220725
1220764
1190713
1230289
1200316
1230334
1220551
1240549
1210094
1230493
1250551
1230254
1210468
1240067
1200507
1210490
1230320
1220147
1180104
1230743
1210386
1220148
1150592
1250297
1250288
1160611
1220567
1250363
1200359
1190503
1140764
1240146
1240006
1210580
1250353
1210225
1210520
1250537
1240135
1160134
1210625
1240188
1210570
1230129
1220202
1230224
1250539
1250536
1240133
1180905
1250074
1230380
1220574
1120134
1180499
1230625
1240528
1220523
1230283
1200459
1220635
1230290
1210561
1230422
1250188
1220182
1230114
1210203
1250456
1220103
1210326
1160696
1200576
1200416
1200302
1170897
1200371
1200008
1200303
1180859
1130381
1210400
1230244
1220396
1230584
1220683
1210346
1230262
1240427
1250382
1110689
1240088
1230600
1240527
1190582
1200407
1190465
1170084
1190185
1190501
1200238
1200313
1200335
1070053
1190475
1200641
1070180
1190173
1180403
1180270
1180341
1160402
1140254
1160412
1210143
1240012
1230166
1210006
1230048
1220521
1170450
1220366
1210324
1220505
1210093
1210519
1230540
1210403
1220207
1200422
1200504
1180765
1230221
1210215
1210383
1240071
1250178
1240144
1150703
1240298
1200405
1220242
1200304
1210200
1230250
1240019
1250611
1220487
1220062
1230635
1180802
1200334
1220319
1110727
1210162
1130100
1240356
1180398
1220643
1230116
1181011
1210466
1210445
1250541
1230231
1240580
1230040
1210430
1160900
1220869
1220387
1220534
1230336
1230691
1210535
1230560
1240205
1240175
1190644
1240113
1250181
1170049
1230322
1160802
1240358
1210357
1230660
1220073
1240209
1200397
1220566
1200347
1250284
1240426
1220840
1220128
1210574
1210500
1220548
1210387
1220189
1250130
1230199
1230570
1240677
1220451
1181032
1200032
1210210
1190751
1220511
1240271
1250147
1250176
1140681
1230763
1210355
1210389
1210109
1180354
1240103
1210370
